$ANSIBLE_VAULT;1.1;AES256
61666661323433316433636561316331303562393733333166383865656339306433656231643436
3463313764393731353565653365383163623736306263300a346637356363346664363132656563
63323037656661633466353037356138363930633839633865386161323164646435363435623762
6431323230333530330a396130663336383765333661383433656231636430356631343665343566
63323931396336613964626237373863316238333365656636386137376430616561313861313931
64653836326661653532326661386337343566656637306633383535353961623433313431316535
31353263613832666564383264653162636361313132626632346661336436613430373763623337
63333331666139323234343039303439366166626133326637363361306435343633663163643234
35326537353239303938386666363763643763313066653433333939623635313164393836613336
62623032613437333030353163353434623233616638313464323664383537333432393764346131
323332306331616465333938353533663934
