$ANSIBLE_VAULT;1.1;AES256
35313438383035626134326665636463663065356664636338616233646332616566396434343937
6335333536633731393539306131303239316564363235640a633939383861313165313634306638
39373137396132643966383963393334656238616230633964363333306364646463303832313036
3635616231346332390a373761623838646562643638316365313839373935343262666465313734
33323631386331633531323338643161336336343735353464303339626437316635623734663133
36643734663130313064383232356338373336323361393132383263313162373466323363333665
36643765653863653831393064633066303966643637623463636637623261376538666530366663
38373439363837646638343036326338383437396434366134643038303832613036663466623964
39616665636439626434326539643738333635303861373235616135643138323431373231363561
32303737666636313835633065353165373232376436626162646266653963353034356535383733
356436303232373038306338396131373263
